3408
478
3635
2694
2558
495
1211
1775
4136
767
3364
724
416
1862
1954
104
4675
379
147
4079
759
4837
3747
3320
4218
4095
4893
1034
127
4244
2424
1504
4948
3701
947
313
1452
417
395
4088
2156
2178
1662
1005
2528
1493
2489
975
797
634
4997
988
802
2674
1650
2539
229
1244
640
3891
4272
1500
1241
530
546
1933
1563
3543
4941
2768
2475
4859
2037
4820
1254
4748
4006
815
1995
2162
4455
2071
4417
2154
4912
2803
3258
734
4297
4739
729
2554
4100
900
3312
2885
3550
238
917
1164
971
4017
1919
4431
4098
2019
4057
2729
3843
2637
2986
3527
3061
4903
1169
1791
2862
3151
3291
1823
1929
697
2333
2021
2775
4525
308
1358
1326
4073
1021
4060
4149
4722
523
2203
431
953
4409
4508
3914
2274
2336
1495
2912
3739
1431
1867
1227
4804
3654
2081
1018
3795
3615
699
3716
419
103
770
2465
973
2151
390
2846
2099
4089
1681
3480
2804
3444
4848
2553
548
1702
1966
2602
3718
1573
1029
164
972
1614
3200
2892
969
4701
485
765
2552
4795
232
3395
12
91
4620
4849
1915
1591
3969
2375
3566
542
881
4112
1817
464
4556
2160
1570
1388
1049
2736
3892
4918
3201
1536
1953
4416
239
2252
200
4421
889
955
3254
2700
400
1365
2435
4240
1266
305
2300
4115
72
3082
183
2482
2052
928
2446
2232
159
2501
4778
633
4512
175
111
1973
138
3104
1092
682
4917
3148
3349
1437
4646
1535
4589
2816
2115
1090
471
1043
3687
2184
2474
3298
4101
4122
746
1824
4367
2930
4090
4053
4424
4566
1265
877
4975
1390
4288
1952
1657
1865
970
100
1046
2355
4055
3783
4477
4614
4559
371
2382
1475
1327
547
53
2574
4229
3724
3748
99
2243
436
2202
1611
4781
2776
3135
2550
1967
1331
490
1118
2850
4423
2683
4531
2423
1487
88
1948
4506
3858
2933
3178
1595
2354
2549
4363
4584
3334
1332
2707
3546
3854
4902
4332
2964
2629
1154
3256
1262
1816
3688
4041
3279
196
2318
263
3026
958
1357
4433
4967
3337
1931
2985
2034
1820
3707
1316
3661
4628
3787
2640
700
2940
4539
2542
2880
1683
4937
3025
2770
2210
2895
4762
2066
4693
2508
3041
2561
4864
568
2635
2434
692
2624
1300
3568
1047
370
2766
3704
3140
2920
1096
2932
861
2603
3024
4754
1861
779
4800
2519
4465
1950
3872
577
3692
2763
2428
487
3383
2391
2080
207
415
3356
2594
3832
792
3467
482
1377
3917
4875
1088
705
2000
2164
4197
3556
2378
1321
2790
1886
4384
1860
4224
604
4420
4667
978
2721
1648
2798
517
1703
1994
1666
4449
4026
1150
66
457
3237
2878
1727
2843
1396
1847
4193
4141
3050
3111
154
4538
1222
2014
805
1849
3193
4773
3985
2260
2388
735
2697
2324
743
237
2305
4233
4644
3713
914
4140
3292
1433
4039
3662
4338
994
1742
2340
3629
3560
2671
1417
4113
3923
4339
1519
4968
3450
1525
1183
4696
2438
3583
3664
2761
1835
4434
614
4029
3468
1251
3214
4785
256
1901
2791
4188
3028
391
3250
2352
1157
3814
1644
2894
1868
3328
1212
2495
1713
2213
984
2306
1450
1441
435
2755
2449
819
3740
1679
3705
1111
2399
1277
105
2772
704
410
3960
949
4207
827
4467
579
1257
3423
3497
2923
3768
3000
349
1600
1580
3152
141
2742
3613
3456
2045
40
4068
544
1774
1951
2167
4936
572
4854
4162
4346
992
195
4768
129
2337
2753
3300
1283
3018
3255
3227
4536
1516
1522
2566
4609
2665
2353
4187
4986
3290
2774
355
474
4920
4984
3619
2478
2444
890
2533
1303
556
1104
4927
3753
1866
3585
2135
529
1306
2526
4840
234
3630
1398
2216
411
1224
3558
3596
3393
4783
1675
2463
4836
3133
3474
776
4456
643
3758
2524
4896
360
3789
2265
3308
3973
1175
535
2556
23
3089
2983
4407
4155
1385
2696
398
1232
3039
4763
1469
3330
2689
498
4522
1854
2073
2491
2726
4310
3333
4573
97
4882
4345
2342
1907
33
4527
716
1138
2285
4428
1716
76
1135
1765
4839
4361
813
2439
4380
153
1342
1051
1274
209
2241
459
1757
701
1996
1416
553
3618
1200
75
706
4127
2262
502
1094
3780
924
1233
1120
1072
2083
1829
3626
4478
3245
567
2299
3551
2540
1839
661
1293
3228
2220
2962
3943
4352
2818
440
3093
2373
1181
777
3849
1787
3184
2529
4779
518
2048
4012
4742
4404
1913
883
1215
2746
3669
4144
3247
1107
4532
658
2750
4040
3803
1944
4876
3198
744
727
2580
4557
9
2822
3446
2977
2334
2415
513
4681
1078
3062
2854
4138
3117
3500
1833
1237
3347
3511
2499
4692
4311
2298
859
286
3807
1740
3773
4643
1513
2520
1356
382
2264
3359
3708
414
3203
4398
220
3416
3607
4844
2011
85
1537
2227
2898
872
3492
4898
2136
2321
1113
2527
3048
3367
2245
2927
981
3526
3547
325
3053
4391
3974
2347
853
3454
3252
2161
2984
2967
4396
1676
2628
1286
726
4747
3103
4191
4829
511
1559
135
3813
3775
2134
675
1619
584
3158
2737
1756
4731
221
2759
1260
1053
2307
3016
4796
3293
4069
1144
1197
4103
2904
1298
2092
3714
1892
2368
2416
3609
1562
174
4337
3049
481
4645
3627
4165
937
4216
4708
4938
2606
4388
246
660
963
4176
1216
2303
337
466
341
2485
3513
2089
4082
3125
4740
2189
3375
4498
1596
3242
3752
968
4252
1579
3045
3087
4555
1878
4350
162
249
1523
2362
1863
4867
715
4117
909
2255
693
3114
3057
1020
2086
1744
4563
4419
3992
366
696
460
3234
4292
2667
4799
3484
1329
3504
4808
3040
1503
1673
463
4706
4395
4239
707
3608
2188
2170
3993
728
2731
4873
809
2503
3908
938
406
2044
