3135
1867
1570
2694
1849
2862
1915
4646
3178
66
4363
3497
4136
4584
797
3716
4140
955
2920
1791
4614
2156
1452
3337
1046
3408
975
1377
1244
487
4820
3747
4912
518
4409
2776
2034
127
4416
4417
4068
1227
2136
568
1211
2558
1995
3312
1614
3320
3254
4867
4536
3635
2635
2640
3891
2846
2501
304
4098
4006
2594
2423
815
4384
1388
2816
4781
1072
4433
3701
3914
3200
4244
2081
229
2162
634
2305
1504
379
4017
4073
1433
3082
4795
4722
1919
3214
2770
2933
1390
2755
1931
2475
129
2489
1829
1933
485
2986
2232
3140
1536
1254
104
544
3917
1673
3393
3334
3629
4620
436
692
3148
4739
3795
2736
154
4748
3858
2729
416
2337
4229
3474
4918
4762
1396
3467
2700
988
548
1535
2554
2774
4675
4902
1967
2553
2465
2019
1237
1224
2892
4423
2977
4941
971
1164
4431
1169
4477
3291
2798
4559
305
176
1765
1716
2485
2252
3546
1262
3560
877
2424
2154
4967
759
2964
1257
1089
1385
2202
523
3087
237
395
2178
2333
4095
938
2021
4149
4053
2930
3718
3626
1519
4778
1358
3872
2482
1573
1096
495
3152
1398
103
3566
2496
3969
889
633
716
953
958
1043
981
2299
1212
3568
1092
2552
615
2850
88
313
4361
2929
739
4276
2761
770
2459
724
4339
3043
970
3724
3201
3527
699
4917
1913
4292
3279
4338
9
2352
1807
3383
1952
4837
2803
2768
3880
464
4446
1005
4696
417
1833
435
2707
111
463
4938
1222
1241
1195
3041
4740
1744
164
1213
4555
1214
2491
3110
2684
3849
3025
1901
2921
765
2602
1029
4176
2533
1907
3751
466
4424
1801
1386
713
1650
972
1365
2539
3040
2388
1332
1757
913
2037
4508
1357
3395
947
1146
4984
1250
1460
3444
4532
2164
3882
99
2582
4681
3550
3783
1730
746
2444
1824
479
4701
2428
1327
820
3080
1861
1469
4914
4253
2251
3456
2878
371
2524
4152
2474
1820
4635
3609
2303
906
2681
1073
3971
1562
4779
2697
3093
964
4552
2463
4425
2434
372
3347
1596
4840
3364
2354
1283
969
138
4069
2243
3061
3234
2766
2631
604
4224
4645
3237
4920
640
693
3292
2763
3832
1119
1864
1817
3688
3758
3787
1929
4100
3271
4937
2414
1232
3349
3804
2011
4785
3104
2665
2353
4197
574
3492
4535
2439
2775
2637
1683
4090
1111
2119
3168
4113
1666
546
4983
3661
1994
3807
1984
2121
1034
3618
4556
3765
4352
2229
2318
4875
937
4289
398
3156
4859
4060
2843
4374
239
2932
881
1516
1675
3308
3707
677
3356
2549
4092
3480
3768
2931
2974
4948
928
2213
3814
917
1342
3739
4141
530
2355
538
3813
3756
3585
3511
1679
3704
4968
4854
2527
4233
1020
2767
2265
3973
517
2529
1300
2241
490
4498
1251
4367
74
2161
4455
4936
2915
4640
135
1487
3317
1724
3556
1648
3713
3616
1138
697
2263
3000
1223
872
2340
2345
4145
682
726
4986
1514
3379
605
2041
3245
4566
1154
4693
4836
3543
393
1856
4122
3333
2804
457
4051
33
4041
1563
4346
4193
4165
3066
3526
1181
2045
3084
3328
3446
2210
3982
4311
2378
776
1937
3454
992
3705
72
4972
3374
2898
200
4624
984
3195
1727
1925
3375
4240
4835
3269
1493
2742
1286
4659
4569
4583
4465
1088
2083
4200
3394
779
4287
2550
4144
4799
389
1197
2410
3057
3416
4115
4845
4736
3938
2220
1644
2671
2503
4644
4026
3227
3378
1966
658
2135
705
1144
53
2160
157
1150
2250
3298
1877
4961
1580
4788
4747
2894
4924
1953
2416
1199
2772
3125
234
2330
2413
728
3843
807
2603
481
4207
3024
209
4398
382
649
1151
400
4923
3114
478
3630
4218
2577
1265
861
4898
1090
1441
4146
4975
266
1681
2561
1495
2669
1997
2574
3053
924
2315
1145
3468
1775
4078
4407
1171
4658
2895
2852
2983
414
2781
3985
1839
1457
2184
805
40
4434
1417
1039
2916
1049
183
3695
215
675
195
221
3669
4844
2245
3062
3258
174
2624
2449
3871
1086
1706
1635
482
681
4609
890
4539
3330
4055
4449
2521
821
408
2689
4427
1951
4504
4420
1042
2389
4829
3079
3206
792
1079
1070
2721
1118
180
577
4012
3103
994
3752
4249
3518
4816
4310
4708
406
1051
2285
2141
2790
1847
3578
513
2641
4117
567
3946
2923
734
325
3050
707
3619
3687
730
4643
2471
3748
4103
597
3906
1916
3255
4467
2089
2542
2128
2324
4187
666
3762
3613
2984
4239
2888
4419
1787
3133
4773
249
909
4089
1520
2341
1892
1879
1595
2499
3413
3049
2589
1954
302
3988
2905
97
3484
660
2737
3363
370
1579
1298
3534
3193
3943
1240
360
963
4106
411
2940
743
236
777
2941
75
1431
529
242
4294
3242
2899
3016
2298
3855
474
4478
1526
1291
672
1578
153
1107
2009
65
4138
2066
4600
4180
542
2699
949
308
2048
1475
2134
141
2595
1863
4380
3186
4865
2520
1161
2373
752
2080
3992
1120
696
4830
2043
1331
2309
4801
1780
1831
12
1700
1013
1408
547
3735
1663
3353
390
3808
2445
3282
498
2362
2753
727
4931
3472
162
4475
4527
3604
2262
4105
1541
1367
3250
2709
1591
2990
2000
2092
4022
2255
4429
1911
2167
4541
900
41
767
4893
4525
3874
1313
1873
2559
1178
2854
415
1393
4808
1131
4538
2972
3513
1537
882
2531
2369
572
4464
2014
2098
3580
459
1316
4000
3184
4731
4048
3525
3171
844
2563
4345
2430
1333
4428
3953
565
1104
2040
3893
145
3089
3970
341
735
1094
4655
4216
1464
2382
1837
2054
4944
2240
440
2988
1201
3020
2438
4712
1702
1785
191
3519
3779
4332
3547
4957
2227
2509
715
3301
3018
1157
4213
4025
499
3450
3315
2338
87
4220
4256
4252
3974
4734
